function x0 = Initial_Court98

% initial conditions
V = -81.18;
Na_i = 1.117e+01;
m = 2.908e-3;
h = 9.649e-1;
j = 9.775e-1;
K_i = 1.39e+02;
oa = 3.043e-2;
oi = 9.992e-1;
ua = 4.966e-3;
ui = 9.986e-1;
xr = 3.296e-5;
xs = 1.869e-2;
Ca_i = 1.013e-4;
d = 1.367e-4;
f = 9.996e-1;
f_Ca = 7.755e-1;
Ca_rel = 1.488;
u = 2.35e-112;
v = 1;
w = 0.9992;
Ca_up = 1.488;

x0(1) = V;
x0(2) = Na_i;
x0(3) = m;
x0(4) = h;
x0(5) = j;
x0(6) = K_i;
x0(7) = oa;
x0(8) = oi;
x0(9) = ua;
x0(10) = ui;
x0(11) = xr;
x0(12) = xs;
x0(13) = Ca_i;
x0(14) = d;
x0(15) = f;
x0(16) = f_Ca;
x0(17) = Ca_rel;
x0(18) = u;
x0(19) = v;
x0(20) = w;
x0(21) = Ca_up;